<?xml version="1.0"?>
<opencv_storage>
<CornersAmount>48</CornersAmount>
<Corner_0>
  408 445</Corner_0>
<Corner_1>
  391 445</Corner_1>
<Corner_2>
  374 446</Corner_2>
<Corner_3>
  357 445</Corner_3>
<Corner_4>
  339 446</Corner_4>
<Corner_5>
  323 446</Corner_5>
<Corner_6>
  306 447</Corner_6>
<Corner_7>
  289 446</Corner_7>
<Corner_8>
  406 439</Corner_8>
<Corner_9>
  389 439</Corner_9>
<Corner_10>
  373 439</Corner_10>
<Corner_11>
  357 439</Corner_11>
<Corner_12>
  340 440</Corner_12>
<Corner_13>
  323 440</Corner_13>
<Corner_14>
  307 439</Corner_14>
<Corner_15>
  289 439</Corner_15>
<Corner_16>
  404 432</Corner_16>
<Corner_17>
  388 431</Corner_17>
<Corner_18>
  372 433</Corner_18>
<Corner_19>
  357 433</Corner_19>
<Corner_20>
  340 433</Corner_20>
<Corner_21>
  324 433</Corner_21>
<Corner_22>
  309 433</Corner_22>
<Corner_23>
  292 432</Corner_23>
<Corner_24>
  403 426</Corner_24>
<Corner_25>
  388 426</Corner_25>
<Corner_26>
  372 427</Corner_26>
<Corner_27>
  356 427</Corner_27>
<Corner_28>
  341 427</Corner_28>
<Corner_29>
  324 428</Corner_29>
<Corner_30>
  309 426</Corner_30>
<Corner_31>
  294 426</Corner_31>
<Corner_32>
  401 420</Corner_32>
<Corner_33>
  387 421</Corner_33>
<Corner_34>
  371 421</Corner_34>
<Corner_35>
  356 421</Corner_35>
<Corner_36>
  341 422</Corner_36>
<Corner_37>
  326 421</Corner_37>
<Corner_38>
  309 421</Corner_38>
<Corner_39>
  296 420</Corner_39>
<Corner_40>
  399 416</Corner_40>
<Corner_41>
  385 416</Corner_41>
<Corner_42>
  371 416</Corner_42>
<Corner_43>
  356 416</Corner_43>
<Corner_44>
  341 416</Corner_44>
<Corner_45>
  326 415</Corner_45>
<Corner_46>
  313 416</Corner_46>
<Corner_47>
  297 416</Corner_47>
</opencv_storage>
