<?xml version="1.0"?>
<opencv_storage>
<CornersAmount>48</CornersAmount>
<Corner_0>
  352 404</Corner_0>
<Corner_1>
  335 404</Corner_1>
<Corner_2>
  316 404</Corner_2>
<Corner_3>
  299 402</Corner_3>
<Corner_4>
  282 402</Corner_4>
<Corner_5>
  264 402</Corner_5>
<Corner_6>
  247 402</Corner_6>
<Corner_7>
  230 401</Corner_7>
<Corner_8>
  351 395</Corner_8>
<Corner_9>
  335 394</Corner_9>
<Corner_10>
  317 394</Corner_10>
<Corner_11>
  301 394</Corner_11>
<Corner_12>
  283 394</Corner_12>
<Corner_13>
  266 393</Corner_13>
<Corner_14>
  250 391</Corner_14>
<Corner_15>
  233 391</Corner_15>
<Corner_16>
  351 385</Corner_16>
<Corner_17>
  332 384</Corner_17>
<Corner_18>
  317 384</Corner_18>
<Corner_19>
  300 383</Corner_19>
<Corner_20>
  285 383</Corner_20>
<Corner_21>
  268 383</Corner_21>
<Corner_22>
  252 382</Corner_22>
<Corner_23>
  235 381</Corner_23>
<Corner_24>
  348 375</Corner_24>
<Corner_25>
  333 374</Corner_25>
<Corner_26>
  317 374</Corner_26>
<Corner_27>
  302 374</Corner_27>
<Corner_28>
  286 374</Corner_28>
<Corner_29>
  269 372</Corner_29>
<Corner_30>
  255 372</Corner_30>
<Corner_31>
  238 372</Corner_31>
<Corner_32>
  349 366</Corner_32>
<Corner_33>
  333 366</Corner_33>
<Corner_34>
  316 365</Corner_34>
<Corner_35>
  299 365</Corner_35>
<Corner_36>
  285 364</Corner_36>
<Corner_37>
  269 363</Corner_37>
<Corner_38>
  256 364</Corner_38>
<Corner_39>
  241 364</Corner_39>
<Corner_40>
  348 357</Corner_40>
<Corner_41>
  333 357</Corner_41>
<Corner_42>
  318 357</Corner_42>
<Corner_43>
  302 357</Corner_43>
<Corner_44>
  286 357</Corner_44>
<Corner_45>
  273 357</Corner_45>
<Corner_46>
  256 356</Corner_46>
<Corner_47>
  243 356</Corner_47>
</opencv_storage>
