<?xml version="1.0"?>
<opencv_storage>
<CornersAmount>48</CornersAmount>
<Corner_0>
  408 445</Corner_0>
<Corner_1>
  391 446</Corner_1>
<Corner_2>
  374 446</Corner_2>
<Corner_3>
  357 446</Corner_3>
<Corner_4>
  340 446</Corner_4>
<Corner_5>
  323 446</Corner_5>
<Corner_6>
  305 446</Corner_6>
<Corner_7>
  288 445</Corner_7>
<Corner_8>
  290 440</Corner_8>
<Corner_9>
  307 440</Corner_9>
<Corner_10>
  322 440</Corner_10>
<Corner_11>
  340 441</Corner_11>
<Corner_12>
  357 441</Corner_12>
<Corner_13>
  373 440</Corner_13>
<Corner_14>
  391 440</Corner_14>
<Corner_15>
  406 439</Corner_15>
<Corner_16>
  404 433</Corner_16>
<Corner_17>
  389 433</Corner_17>
<Corner_18>
  372 434</Corner_18>
<Corner_19>
  356 433</Corner_19>
<Corner_20>
  340 434</Corner_20>
<Corner_21>
  324 434</Corner_21>
<Corner_22>
  308 433</Corner_22>
<Corner_23>
  293 433</Corner_23>
<Corner_24>
  294 426</Corner_24>
<Corner_25>
  309 427</Corner_25>
<Corner_26>
  326 428</Corner_26>
<Corner_27>
  341 428</Corner_27>
<Corner_28>
  356 428</Corner_28>
<Corner_29>
  372 428</Corner_29>
<Corner_30>
  387 427</Corner_30>
<Corner_31>
  404 428</Corner_31>
<Corner_32>
  402 421</Corner_32>
<Corner_33>
  385 421</Corner_33>
<Corner_34>
  371 421</Corner_34>
<Corner_35>
  356 421</Corner_35>
<Corner_36>
  341 421</Corner_36>
<Corner_37>
  326 421</Corner_37>
<Corner_38>
  310 421</Corner_38>
<Corner_39>
  297 421</Corner_39>
<Corner_40>
  297 415</Corner_40>
<Corner_41>
  312 416</Corner_41>
<Corner_42>
  327 416</Corner_42>
<Corner_43>
  342 416</Corner_43>
<Corner_44>
  357 415</Corner_44>
<Corner_45>
  371 416</Corner_45>
<Corner_46>
  385 416</Corner_46>
<Corner_47>
  400 414</Corner_47>
</opencv_storage>
