<?xml version="1.0"?>
<opencv_storage>
<CameraMatrix type_id="opencv-matrix">
  <rows>3</rows>
  <cols>3</cols>
  <dt>f</dt>
  <data>
    4.83309540e+02 0. 3.27911133e+02 0. 4.83912079e+02 2.31209763e+02 0.
    0. 1.</data></CameraMatrix>
<DistortionCoeffs type_id="opencv-matrix">
  <rows>5</rows>
  <cols>1</cols>
  <dt>f</dt>
  <data>
    -3.45902652e-01 1.36397898e-01 6.58469682e-04 -7.42763805e-04
    -1.22430129e-02</data></DistortionCoeffs>
<RotationValues type_id="opencv-matrix">
  <rows>3</rows>
  <cols>1</cols>
  <dt>f</dt>
  <data>
    1.44697380e+00 -1.44352579e+00 1.06856012e+00</data></RotationValues>
<TranslationValues type_id="opencv-matrix">
  <rows>3</rows>
  <cols>1</cols>
  <dt>f</dt>
  <data>
    1.57337921e+02 1.13842920e+03 3.04002808e+03</data></TranslationValues>
</opencv_storage>
