<?xml version="1.0"?>
<opencv_storage>
<CameraMatrix type_id="opencv-matrix">
  <rows>3</rows>
  <cols>3</cols>
  <dt>f</dt>
  <data>
    4.87081116e+02 0. 3.26887268e+02 0. 4.88405548e+02 2.28047440e+02 0.
    0. 1.</data></CameraMatrix>
<DistortionCoeffs type_id="opencv-matrix">
  <rows>5</rows>
  <cols>1</cols>
  <dt>f</dt>
  <data>
    -3.37152630e-01 8.26345682e-02 4.55282599e-04 3.77195771e-04
    5.68428524e-02</data></DistortionCoeffs>
<RotationValues type_id="opencv-matrix">
  <rows>3</rows>
  <cols>1</cols>
  <dt>f</dt>
  <data>
    1.21643567e+00 -1.17501318e+00 1.17394698e+00</data></RotationValues>
<TranslationValues type_id="opencv-matrix">
  <rows>3</rows>
  <cols>1</cols>
  <dt>f</dt>
  <data>
    5.44678406e+02 1.45439465e+03 3.00755591e+03</data></TranslationValues>
</opencv_storage>
