<?xml version="1.0"?>
<opencv_storage>
<CameraMatrix type_id="opencv-matrix">
  <rows>3</rows>
  <cols>3</cols>
  <dt>d</dt>
  <data>
    4.8330953847020174e+02 0. 3.2791114744103936e+02 0.
    4.8391208800061156e+02 2.3120975709085229e+02 0. 0. 1.</data></CameraMatrix>
<DistortionCoeffs type_id="opencv-matrix">
  <rows>5</rows>
  <cols>1</cols>
  <dt>d</dt>
  <data>
    -3.4590266626427191e-01 1.3639790003846985e-01
    6.5846970292946731e-04 -7.4276377788771888e-04
    -1.2243012547553096e-02</data></DistortionCoeffs>
</opencv_storage>
