<?xml version="1.0"?>
<opencv_storage>
<CameraMatrix type_id="opencv-matrix">
  <rows>3</rows>
  <cols>3</cols>
  <dt>d</dt>
  <data>
    4.8708111380311908e+02 0. 3.2688725745580723e+02 0.
    4.8840555752371517e+02 2.2804743315781985e+02 0. 0. 1.</data></CameraMatrix>
<DistortionCoeffs type_id="opencv-matrix">
  <rows>5</rows>
  <cols>1</cols>
  <dt>d</dt>
  <data>
    -3.3715262588311756e-01 8.2634571884074817e-02
    4.5528258725362241e-04 3.7719577431878448e-04 5.6842852213627400e-02</data></DistortionCoeffs>
</opencv_storage>
