<?xml version="1.0"?>
<opencv_storage>
<CornersAmount>48</CornersAmount>
<Corner_0>
  369 342</Corner_0>
<Corner_1>
  361 347</Corner_1>
<Corner_2>
  352 355</Corner_2>
<Corner_3>
  345 360</Corner_3>
<Corner_4>
  337 366</Corner_4>
<Corner_5>
  330 373</Corner_5>
<Corner_6>
  319 381</Corner_6>
<Corner_7>
  309 388</Corner_7>
<Corner_8>
  358 339</Corner_8>
<Corner_9>
  349 345</Corner_9>
<Corner_10>
  342 349</Corner_10>
<Corner_11>
  334 356</Corner_11>
<Corner_12>
  325 362</Corner_12>
<Corner_13>
  315 368</Corner_13>
<Corner_14>
  307 376</Corner_14>
<Corner_15>
  296 383</Corner_15>
<Corner_16>
  346 334</Corner_16>
<Corner_17>
  337 340</Corner_17>
<Corner_18>
  330 346</Corner_18>
<Corner_19>
  320 351</Corner_19>
<Corner_20>
  311 358</Corner_20>
<Corner_21>
  302 364</Corner_21>
<Corner_22>
  293 370</Corner_22>
<Corner_23>
  285 377</Corner_23>
<Corner_24>
  334 330</Corner_24>
<Corner_25>
  325 337</Corner_25>
<Corner_26>
  318 342</Corner_26>
<Corner_27>
  310 347</Corner_27>
<Corner_28>
  301 353</Corner_28>
<Corner_29>
  292 360</Corner_29>
<Corner_30>
  284 366</Corner_30>
<Corner_31>
  274 373</Corner_31>
<Corner_32>
  324 327</Corner_32>
<Corner_33>
  315 332</Corner_33>
<Corner_34>
  306 338</Corner_34>
<Corner_35>
  299 344</Corner_35>
<Corner_36>
  290 349</Corner_36>
<Corner_37>
  282 354</Corner_37>
<Corner_38>
  273 360</Corner_38>
<Corner_39>
  264 367</Corner_39>
<Corner_40>
  313 323</Corner_40>
<Corner_41>
  304 329</Corner_41>
<Corner_42>
  297 333</Corner_42>
<Corner_43>
  289 340</Corner_43>
<Corner_44>
  281 344</Corner_44>
<Corner_45>
  271 350</Corner_45>
<Corner_46>
  263 356</Corner_46>
<Corner_47>
  251 363</Corner_47>
</opencv_storage>
