<?xml version="1.0"?>
<opencv_storage>
<CornersAmount>48</CornersAmount>
<Corner_0>
  343 343</Corner_0>
<Corner_1>
  336 345</Corner_1>
<Corner_2>
  328 349</Corner_2>
<Corner_3>
  319 353</Corner_3>
<Corner_4>
  309 357</Corner_4>
<Corner_5>
  299 360</Corner_5>
<Corner_6>
  288 363</Corner_6>
<Corner_7>
  277 366</Corner_7>
<Corner_8>
  268 363</Corner_8>
<Corner_9>
  277 359</Corner_9>
<Corner_10>
  287 357</Corner_10>
<Corner_11>
  298 353</Corner_11>
<Corner_12>
  307 350</Corner_12>
<Corner_13>
  315 345</Corner_13>
<Corner_14>
  325 345</Corner_14>
<Corner_15>
  332 341</Corner_15>
<Corner_16>
  325 337</Corner_16>
<Corner_17>
  316 339</Corner_17>
<Corner_18>
  306 344</Corner_18>
<Corner_19>
  298 345</Corner_19>
<Corner_20>
  288 350</Corner_20>
<Corner_21>
  277 353</Corner_21>
<Corner_22>
  268 356</Corner_22>
<Corner_23>
  258 359</Corner_23>
<Corner_24>
  251 356</Corner_24>
<Corner_25>
  259 351</Corner_25>
<Corner_26>
  269 348</Corner_26>
<Corner_27>
  279 346</Corner_27>
<Corner_28>
  288 344</Corner_28>
<Corner_29>
  297 341</Corner_29>
<Corner_30>
  306 338</Corner_30>
<Corner_31>
  313 335</Corner_31>
<Corner_32>
  305 332</Corner_32>
<Corner_33>
  297 334</Corner_33>
<Corner_34>
  288 338</Corner_34>
<Corner_35>
  279 341</Corner_35>
<Corner_36>
  271 344</Corner_36>
<Corner_37>
  261 346</Corner_37>
<Corner_38>
  251 351</Corner_38>
<Corner_39>
  240 352</Corner_39>
<Corner_40>
  232 350</Corner_40>
<Corner_41>
  241 345</Corner_41>
<Corner_42>
  251 343</Corner_42>
<Corner_43>
  261 341</Corner_43>
<Corner_44>
  270 337</Corner_44>
<Corner_45>
  279 335</Corner_45>
<Corner_46>
  288 333</Corner_46>
<Corner_47>
  297 330</Corner_47>
</opencv_storage>
