<?xml version="1.0"?>
<opencv_storage>
<CornersAmount>48</CornersAmount>
<Corner_0>
  232 349</Corner_0>
<Corner_1>
  243 346</Corner_1>
<Corner_2>
  251 343</Corner_2>
<Corner_3>
  262 340</Corner_3>
<Corner_4>
  271 338</Corner_4>
<Corner_5>
  280 335</Corner_5>
<Corner_6>
  290 332</Corner_6>
<Corner_7>
  297 330</Corner_7>
<Corner_8>
  240 352</Corner_8>
<Corner_9>
  251 349</Corner_9>
<Corner_10>
  261 346</Corner_10>
<Corner_11>
  271 343</Corner_11>
<Corner_12>
  282 341</Corner_12>
<Corner_13>
  290 338</Corner_13>
<Corner_14>
  299 334</Corner_14>
<Corner_15>
  308 332</Corner_15>
<Corner_16>
  250 357</Corner_16>
<Corner_17>
  264 352</Corner_17>
<Corner_18>
  271 350</Corner_18>
<Corner_19>
  280 346</Corner_19>
<Corner_20>
  291 342</Corner_20>
<Corner_21>
  300 340</Corner_21>
<Corner_22>
  309 338</Corner_22>
<Corner_23>
  317 335</Corner_23>
<Corner_24>
  258 360</Corner_24>
<Corner_25>
  271 355</Corner_25>
<Corner_26>
  281 352</Corner_26>
<Corner_27>
  289 350</Corner_27>
<Corner_28>
  300 346</Corner_28>
<Corner_29>
  311 342</Corner_29>
<Corner_30>
  317 340</Corner_30>
<Corner_31>
  322 337</Corner_31>
<Corner_32>
  268 364</Corner_32>
<Corner_33>
  281 359</Corner_33>
<Corner_34>
  290 356</Corner_34>
<Corner_35>
  300 352</Corner_35>
<Corner_36>
  309 349</Corner_36>
<Corner_37>
  317 345</Corner_37>
<Corner_38>
  326 343</Corner_38>
<Corner_39>
  335 340</Corner_39>
<Corner_40>
  277 366</Corner_40>
<Corner_41>
  289 363</Corner_41>
<Corner_42>
  299 359</Corner_42>
<Corner_43>
  310 356</Corner_43>
<Corner_44>
  318 353</Corner_44>
<Corner_45>
  327 348</Corner_45>
<Corner_46>
  334 346</Corner_46>
<Corner_47>
  345 342</Corner_47>
</opencv_storage>
