<?xml version="1.0"?>
<opencv_storage>
<CameraMatrix type_id="opencv-matrix">
  <rows>3</rows>
  <cols>3</cols>
  <dt>f</dt>
  <data>
    4.89705109e+02 0. 3.45552307e+02 0. 4.92049286e+02 2.42636566e+02 0.
    0. 1.</data></CameraMatrix>
<DistortionCoeffs type_id="opencv-matrix">
  <rows>5</rows>
  <cols>1</cols>
  <dt>f</dt>
  <data>
    -3.68521631e-01 1.83381557e-01 -9.55217343e-04 -2.14353111e-03
    -5.35828508e-02</data></DistortionCoeffs>
<RotationValues type_id="opencv-matrix">
  <rows>3</rows>
  <cols>1</cols>
  <dt>f</dt>
  <data>
    1.61601722e+00 5.81218779e-01 -4.98382121e-01</data></RotationValues>
<TranslationValues type_id="opencv-matrix">
  <rows>3</rows>
  <cols>1</cols>
  <dt>f</dt>
  <data>
    -9.59940735e+02 9.02083374e+02 4.01429199e+03</data></TranslationValues>
</opencv_storage>
