<?xml version="1.0"?>
<opencv_storage>
<CameraMatrix type_id="opencv-matrix">
  <rows>3</rows>
  <cols>3</cols>
  <dt>f</dt>
  <data>
    4.89621338e+02 0. 3.44083282e+02 0. 4.91709229e+02 2.43086639e+02 0.
    0. 1.</data></CameraMatrix>
<DistortionCoeffs type_id="opencv-matrix">
  <rows>5</rows>
  <cols>1</cols>
  <dt>f</dt>
  <data>
    -3.74885261e-01 2.05956399e-01 -8.28562363e-04 -1.23008515e-03
    -6.84667006e-02</data></DistortionCoeffs>
<RotationValues type_id="opencv-matrix">
  <rows>3</rows>
  <cols>1</cols>
  <dt>f</dt>
  <data>
    6.80764198e-01 -2.21460104e+00 1.58484566e+00</data></RotationValues>
<TranslationValues type_id="opencv-matrix">
  <rows>3</rows>
  <cols>1</cols>
  <dt>f</dt>
  <data>
    1.99677795e+02 8.26229492e+02 4.03927832e+03</data></TranslationValues>
</opencv_storage>
