<?xml version="1.0"?>
<opencv_storage>
<CameraMatrix type_id="opencv-matrix">
  <rows>3</rows>
  <cols>3</cols>
  <dt>d</dt>
  <data>
    4.8962133789913241e+02 0. 3.4408327218384755e+02 0.
    4.9170922796966664e+02 2.4308663619440617e+02 0. 0. 1.</data></CameraMatrix>
<DistortionCoeffs type_id="opencv-matrix">
  <rows>5</rows>
  <cols>1</cols>
  <dt>d</dt>
  <data>
    -3.7488525853638771e-01 2.0595640224480105e-01
    -8.2856236710200171e-04 -1.2300851739141527e-03
    -6.8466702595623569e-02</data></DistortionCoeffs>
</opencv_storage>
