<?xml version="1.0"?>
<opencv_storage>
<CameraMatrix type_id="opencv-matrix">
  <rows>3</rows>
  <cols>3</cols>
  <dt>d</dt>
  <data>
    4.8970511277302080e+02 0. 3.4555231789320993e+02 0.
    4.9204927598702670e+02 2.4263656581881807e+02 0. 0. 1.</data></CameraMatrix>
<DistortionCoeffs type_id="opencv-matrix">
  <rows>5</rows>
  <cols>1</cols>
  <dt>d</dt>
  <data>
    -3.6852163447523284e-01 1.8338156387851437e-01
    -9.5521736403934030e-04 -2.1435309949890051e-03
    -5.3582849765027675e-02</data></DistortionCoeffs>
</opencv_storage>
