<?xml version="1.0"?>
<opencv_storage>
<CornersAmount>48</CornersAmount>
<Corner_0>
  191 456</Corner_0>
<Corner_1>
  192 447</Corner_1>
<Corner_2>
  191 439</Corner_2>
<Corner_3>
  191 431</Corner_3>
<Corner_4>
  191 421</Corner_4>
<Corner_5>
  192 416</Corner_5>
<Corner_6>
  192 411</Corner_6>
<Corner_7>
  192 403</Corner_7>
<Corner_8>
  209 402</Corner_8>
<Corner_9>
  210 408</Corner_9>
<Corner_10>
  210 416</Corner_10>
<Corner_11>
  209 422</Corner_11>
<Corner_12>
  210 429</Corner_12>
<Corner_13>
  210 438</Corner_13>
<Corner_14>
  211 446</Corner_14>
<Corner_15>
  211 455</Corner_15>
<Corner_16>
  233 454</Corner_16>
<Corner_17>
  230 444</Corner_17>
<Corner_18>
  229 436</Corner_18>
<Corner_19>
  228 429</Corner_19>
<Corner_20>
  227 421</Corner_20>
<Corner_21>
  226 414</Corner_21>
<Corner_22>
  225 408</Corner_22>
<Corner_23>
  224 401</Corner_23>
<Corner_24>
  241 400</Corner_24>
<Corner_25>
  242 407</Corner_25>
<Corner_26>
  243 414</Corner_26>
<Corner_27>
  245 421</Corner_27>
<Corner_28>
  247 428</Corner_28>
<Corner_29>
  249 436</Corner_29>
<Corner_30>
  251 443</Corner_30>
<Corner_31>
  253 453</Corner_31>
<Corner_32>
  273 453</Corner_32>
<Corner_33>
  269 442</Corner_33>
<Corner_34>
  267 433</Corner_34>
<Corner_35>
  265 425</Corner_35>
<Corner_36>
  263 418</Corner_36>
<Corner_37>
  260 412</Corner_37>
<Corner_38>
  259 406</Corner_38>
<Corner_39>
  257 399</Corner_39>
<Corner_40>
  273 398</Corner_40>
<Corner_41>
  274 405</Corner_41>
<Corner_42>
  278 411</Corner_42>
<Corner_43>
  280 418</Corner_43>
<Corner_44>
  283 424</Corner_44>
<Corner_45>
  285 431</Corner_45>
<Corner_46>
  288 441</Corner_46>
<Corner_47>
  293 451</Corner_47>
</opencv_storage>
