<?xml version="1.0"?>
<opencv_storage>
<CornersAmount>48</CornersAmount>
<Corner_0>
  466 341</Corner_0>
<Corner_1>
  469 350</Corner_1>
<Corner_2>
  472 359</Corner_2>
<Corner_3>
  475 367</Corner_3>
<Corner_4>
  478 376</Corner_4>
<Corner_5>
  481 385</Corner_5>
<Corner_6>
  484 396</Corner_6>
<Corner_7>
  488 407</Corner_7>
<Corner_8>
  451 340</Corner_8>
<Corner_9>
  454 350</Corner_9>
<Corner_10>
  457 358</Corner_10>
<Corner_11>
  459 366</Corner_11>
<Corner_12>
  462 376</Corner_12>
<Corner_13>
  465 386</Corner_13>
<Corner_14>
  468 398</Corner_14>
<Corner_15>
  471 408</Corner_15>
<Corner_16>
  437 340</Corner_16>
<Corner_17>
  438 348</Corner_17>
<Corner_18>
  441 356</Corner_18>
<Corner_19>
  443 365</Corner_19>
<Corner_20>
  445 376</Corner_20>
<Corner_21>
  448 387</Corner_21>
<Corner_22>
  450 397</Corner_22>
<Corner_23>
  453 407</Corner_23>
<Corner_24>
  421 340</Corner_24>
<Corner_25>
  424 349</Corner_25>
<Corner_26>
  425 358</Corner_26>
<Corner_27>
  426 367</Corner_27>
<Corner_28>
  429 377</Corner_28>
<Corner_29>
  431 387</Corner_29>
<Corner_30>
  433 398</Corner_30>
<Corner_31>
  435 409</Corner_31>
<Corner_32>
  406 340</Corner_32>
<Corner_33>
  407 349</Corner_33>
<Corner_34>
  409 358</Corner_34>
<Corner_35>
  410 366</Corner_35>
<Corner_36>
  411 377</Corner_36>
<Corner_37>
  412 386</Corner_37>
<Corner_38>
  414 396</Corner_38>
<Corner_39>
  416 409</Corner_39>
<Corner_40>
  391 341</Corner_40>
<Corner_41>
  391 349</Corner_41>
<Corner_42>
  392 357</Corner_42>
<Corner_43>
  393 367</Corner_43>
<Corner_44>
  395 378</Corner_44>
<Corner_45>
  395 387</Corner_45>
<Corner_46>
  396 397</Corner_46>
<Corner_47>
  397 410</Corner_47>
</opencv_storage>
