<?xml version="1.0"?>
<opencv_storage>
<CornersAmount>48</CornersAmount>
<Corner_0>
  191 457</Corner_0>
<Corner_1>
  191 446</Corner_1>
<Corner_2>
  191 439</Corner_2>
<Corner_3>
  191 430</Corner_3>
<Corner_4>
  191 424</Corner_4>
<Corner_5>
  192 414</Corner_5>
<Corner_6>
  192 409</Corner_6>
<Corner_7>
  192 403</Corner_7>
<Corner_8>
  212 455</Corner_8>
<Corner_9>
  210 446</Corner_9>
<Corner_10>
  210 438</Corner_10>
<Corner_11>
  209 429</Corner_11>
<Corner_12>
  209 420</Corner_12>
<Corner_13>
  208 415</Corner_13>
<Corner_14>
  208 407</Corner_14>
<Corner_15>
  208 401</Corner_15>
<Corner_16>
  232 455</Corner_16>
<Corner_17>
  231 445</Corner_17>
<Corner_18>
  230 437</Corner_18>
<Corner_19>
  228 428</Corner_19>
<Corner_20>
  228 421</Corner_20>
<Corner_21>
  226 412</Corner_21>
<Corner_22>
  226 408</Corner_22>
<Corner_23>
  224 400</Corner_23>
<Corner_24>
  252 453</Corner_24>
<Corner_25>
  250 444</Corner_25>
<Corner_26>
  248 434</Corner_26>
<Corner_27>
  246 428</Corner_27>
<Corner_28>
  245 419</Corner_28>
<Corner_29>
  244 413</Corner_29>
<Corner_30>
  242 406</Corner_30>
<Corner_31>
  241 400</Corner_31>
<Corner_32>
  273 452</Corner_32>
<Corner_33>
  270 443</Corner_33>
<Corner_34>
  267 433</Corner_34>
<Corner_35>
  264 426</Corner_35>
<Corner_36>
  262 419</Corner_36>
<Corner_37>
  260 411</Corner_37>
<Corner_38>
  259 405</Corner_38>
<Corner_39>
  256 398</Corner_39>
<Corner_40>
  293 450</Corner_40>
<Corner_41>
  289 441</Corner_41>
<Corner_42>
  286 431</Corner_42>
<Corner_43>
  284 424</Corner_43>
<Corner_44>
  280 417</Corner_44>
<Corner_45>
  277 410</Corner_45>
<Corner_46>
  274 403</Corner_46>
<Corner_47>
  273 397</Corner_47>
</opencv_storage>
