<?xml version="1.0"?>
<opencv_storage>
<CornersAmount>48</CornersAmount>
<Corner_0>
  466 341</Corner_0>
<Corner_1>
  470 350</Corner_1>
<Corner_2>
  475 366</Corner_2>
<Corner_3>
  479 377</Corner_3>
<Corner_4>
  484 394</Corner_4>
<Corner_5>
  489 408</Corner_5>
<Corner_6>
  451 341</Corner_6>
<Corner_7>
  456 358</Corner_7>
<Corner_8>
  458 368</Corner_8>
<Corner_9>
  462 378</Corner_9>
<Corner_10>
  464 386</Corner_10>
<Corner_11>
  468 398</Corner_11>
<Corner_12>
  470 408</Corner_12>
<Corner_13>
  436 341</Corner_13>
<Corner_14>
  437 348</Corner_14>
<Corner_15>
  440 358</Corner_15>
<Corner_16>
  442 368</Corner_16>
<Corner_17>
  445 379</Corner_17>
<Corner_18>
  448 388</Corner_18>
<Corner_19>
  450 398</Corner_19>
<Corner_20>
  453 410</Corner_20>
<Corner_21>
  421 341</Corner_21>
<Corner_22>
  423 349</Corner_22>
<Corner_23>
  424 359</Corner_23>
<Corner_24>
  426 367</Corner_24>
<Corner_25>
  428 377</Corner_25>
<Corner_26>
  430 386</Corner_26>
<Corner_27>
  432 397</Corner_27>
<Corner_28>
  435 409</Corner_28>
<Corner_29>
  407 341</Corner_29>
<Corner_30>
  407 350</Corner_30>
<Corner_31>
  408 359</Corner_31>
<Corner_32>
  410 366</Corner_32>
<Corner_33>
  411 377</Corner_33>
<Corner_34>
  412 386</Corner_34>
<Corner_35>
  414 399</Corner_35>
<Corner_36>
  416 410</Corner_36>
<Corner_37>
  391 343</Corner_37>
<Corner_38>
  391 350</Corner_38>
<Corner_39>
  392 357</Corner_39>
<Corner_40>
  393 368</Corner_40>
<Corner_41>
  394 377</Corner_41>
<Corner_42>
  394 387</Corner_42>
<Corner_43>
  396 399</Corner_43>
<Corner_44>
  397 410</Corner_44>
<Corner_45>
  399 422</Corner_45>
<Corner_46>
  414 428</Corner_46>
<Corner_47>
  447 437</Corner_47>
</opencv_storage>
