<?xml version="1.0"?>
<opencv_storage>
<CameraMatrix type_id="opencv-matrix">
  <rows>3</rows>
  <cols>3</cols>
  <dt>f</dt>
  <data>
    8.09372742e+02 0. 7.47909927e+01 0. 8.52716064e+02 2.79980488e+01 0.
    0. 1.</data></CameraMatrix>
<DistortionCoeffs type_id="opencv-matrix">
  <rows>5</rows>
  <cols>1</cols>
  <dt>f</dt>
  <data>
    -4.89247710e-01 1.31862298e-01 1.60013121e-02 4.31827120e-02
    -3.37712429e-02</data></DistortionCoeffs>
<RotationValues type_id="opencv-matrix">
  <rows>3</rows>
  <cols>1</cols>
  <dt>f</dt>
  <data>
    3.06299597e-01 -2.33763361e+00 1.88255370e+00</data></RotationValues>
<TranslationValues type_id="opencv-matrix">
  <rows>3</rows>
  <cols>1</cols>
  <dt>f</dt>
  <data>
    2.56128516e+03 1.97422546e+03 4.70863330e+03</data></TranslationValues>
</opencv_storage>
