<?xml version="1.0"?>
<opencv_storage>
<CameraMatrix type_id="opencv-matrix">
  <rows>3</rows>
  <cols>3</cols>
  <dt>f</dt>
  <data>
    2.03224902e+03 0. 2.86659355e+01 0. 3.35966992e+03 -4.72705650e+01
    0. 0. 1.</data></CameraMatrix>
<DistortionCoeffs type_id="opencv-matrix">
  <rows>5</rows>
  <cols>1</cols>
  <dt>f</dt>
  <data>
    1.69370210e+00 -9.64899521e+01 2.09840864e-01 2.96007514e-01
    6.15746399e+02</data></DistortionCoeffs>
<RotationValues type_id="opencv-matrix">
  <rows>3</rows>
  <cols>1</cols>
  <dt>f</dt>
  <data>
    1.69929886e+00 -6.05644733e-02 -1.13774359e-01</data></RotationValues>
<TranslationValues type_id="opencv-matrix">
  <rows>3</rows>
  <cols>1</cols>
  <dt>f</dt>
  <data>
    1.00449481e+03 1.93053516e+03 1.45705830e+04</data></TranslationValues>
</opencv_storage>
