<?xml version="1.0"?>
<opencv_storage>
<CameraMatrix type_id="opencv-matrix">
  <rows>3</rows>
  <cols>3</cols>
  <dt>d</dt>
  <data>
    2.0322489992231062e+03 0. 2.8665935331568264e+01 0.
    3.3596699021895852e+03 -4.7270565912860576e+01 0. 0. 1.</data></CameraMatrix>
<DistortionCoeffs type_id="opencv-matrix">
  <rows>5</rows>
  <cols>1</cols>
  <dt>d</dt>
  <data>
    1.6937021283728120e+00 -9.6489954682747836e+01
    2.0984086345274239e-01 2.9600751489831151e-01 6.1574641405176214e+02</data></DistortionCoeffs>
</opencv_storage>
