<?xml version="1.0"?>
<opencv_storage>
<CameraMatrix type_id="opencv-matrix">
  <rows>3</rows>
  <cols>3</cols>
  <dt>d</dt>
  <data>
    8.0937272401464975e+02 0. 7.4790991964200146e+01 0.
    8.5271608922089627e+02 2.7998048565116093e+01 0. 0. 1.</data></CameraMatrix>
<DistortionCoeffs type_id="opencv-matrix">
  <rows>5</rows>
  <cols>1</cols>
  <dt>d</dt>
  <data>
    -4.8924770159118447e-01 1.3186229447900272e-01
    1.6001312609611257e-02 4.3182711801456622e-02
    -3.3771241619758224e-02</data></DistortionCoeffs>
</opencv_storage>
