<?xml version="1.0"?>
<opencv_storage>
<CornersAmount>48</CornersAmount>
<Corner_0>
  388 341</Corner_0>
<Corner_1>
  374 336</Corner_1>
<Corner_2>
  364 333</Corner_2>
<Corner_3>
  353 330</Corner_3>
<Corner_4>
  343 326</Corner_4>
<Corner_5>
  332 323</Corner_5>
<Corner_6>
  322 320</Corner_6>
<Corner_7>
  313 316</Corner_7>
<Corner_8>
  397 337</Corner_8>
<Corner_9>
  384 332</Corner_9>
<Corner_10>
  374 329</Corner_10>
<Corner_11>
  363 325</Corner_11>
<Corner_12>
  352 322</Corner_12>
<Corner_13>
  342 320</Corner_13>
<Corner_14>
  331 317</Corner_14>
<Corner_15>
  323 314</Corner_15>
<Corner_16>
  404 332</Corner_16>
<Corner_17>
  394 329</Corner_17>
<Corner_18>
  382 325</Corner_18>
<Corner_19>
  371 322</Corner_19>
<Corner_20>
  361 320</Corner_20>
<Corner_21>
  351 317</Corner_21>
<Corner_22>
  341 314</Corner_22>
<Corner_23>
  331 310</Corner_23>
<Corner_24>
  414 328</Corner_24>
<Corner_25>
  401 324</Corner_25>
<Corner_26>
  391 322</Corner_26>
<Corner_27>
  380 319</Corner_27>
<Corner_28>
  370 316</Corner_28>
<Corner_29>
  360 313</Corner_29>
<Corner_30>
  351 311</Corner_30>
<Corner_31>
  341 308</Corner_31>
<Corner_32>
  421 324</Corner_32>
<Corner_33>
  408 321</Corner_33>
<Corner_34>
  398 318</Corner_34>
<Corner_35>
  389 315</Corner_35>
<Corner_36>
  378 313</Corner_36>
<Corner_37>
  368 310</Corner_37>
<Corner_38>
  359 307</Corner_38>
<Corner_39>
  349 305</Corner_39>
<Corner_40>
  429 320</Corner_40>
<Corner_41>
  417 317</Corner_41>
<Corner_42>
  406 314</Corner_42>
<Corner_43>
  397 312</Corner_43>
<Corner_44>
  387 310</Corner_44>
<Corner_45>
  377 307</Corner_45>
<Corner_46>
  367 305</Corner_46>
<Corner_47>
  357 301</Corner_47>
</opencv_storage>
