<?xml version="1.0"?>
<opencv_storage>
<CornersAmount>48</CornersAmount>
<Corner_0>
  387 340</Corner_0>
<Corner_1>
  375 336</Corner_1>
<Corner_2>
  364 333</Corner_2>
<Corner_3>
  353 329</Corner_3>
<Corner_4>
  343 326</Corner_4>
<Corner_5>
  332 323</Corner_5>
<Corner_6>
  323 319</Corner_6>
<Corner_7>
  315 316</Corner_7>
<Corner_8>
  323 313</Corner_8>
<Corner_9>
  331 316</Corner_9>
<Corner_10>
  342 319</Corner_10>
<Corner_11>
  353 323</Corner_11>
<Corner_12>
  363 326</Corner_12>
<Corner_13>
  373 330</Corner_13>
<Corner_14>
  384 333</Corner_14>
<Corner_15>
  395 336</Corner_15>
<Corner_16>
  405 332</Corner_16>
<Corner_17>
  393 328</Corner_17>
<Corner_18>
  382 325</Corner_18>
<Corner_19>
  372 323</Corner_19>
<Corner_20>
  361 319</Corner_20>
<Corner_21>
  352 316</Corner_21>
<Corner_22>
  342 312</Corner_22>
<Corner_23>
  333 311</Corner_23>
<Corner_24>
  340 307</Corner_24>
<Corner_25>
  351 310</Corner_25>
<Corner_26>
  361 313</Corner_26>
<Corner_27>
  370 316</Corner_27>
<Corner_28>
  379 319</Corner_28>
<Corner_29>
  390 321</Corner_29>
<Corner_30>
  402 325</Corner_30>
<Corner_31>
  413 329</Corner_31>
<Corner_32>
  421 324</Corner_32>
<Corner_33>
  409 321</Corner_33>
<Corner_34>
  399 318</Corner_34>
<Corner_35>
  387 314</Corner_35>
<Corner_36>
  378 312</Corner_36>
<Corner_37>
  368 310</Corner_37>
<Corner_38>
  359 305</Corner_38>
<Corner_39>
  351 304</Corner_39>
<Corner_40>
  357 302</Corner_40>
<Corner_41>
  369 305</Corner_41>
<Corner_42>
  376 307</Corner_42>
<Corner_43>
  386 310</Corner_43>
<Corner_44>
  395 313</Corner_44>
<Corner_45>
  408 315</Corner_45>
<Corner_46>
  417 316</Corner_46>
<Corner_47>
  430 321</Corner_47>
</opencv_storage>
