<?xml version="1.0"?>
<opencv_storage>
<CornersAmount>48</CornersAmount>
<Corner_0>
  327 371</Corner_0>
<Corner_1>
  314 364</Corner_1>
<Corner_2>
  304 357</Corner_2>
<Corner_3>
  294 352</Corner_3>
<Corner_4>
  285 346</Corner_4>
<Corner_5>
  277 341</Corner_5>
<Corner_6>
  270 333</Corner_6>
<Corner_7>
  261 327</Corner_7>
<Corner_8>
  340 365</Corner_8>
<Corner_9>
  329 358</Corner_9>
<Corner_10>
  319 352</Corner_10>
<Corner_11>
  309 344</Corner_11>
<Corner_12>
  299 340</Corner_12>
<Corner_13>
  288 333</Corner_13>
<Corner_14>
  280 329</Corner_14>
<Corner_15>
  273 323</Corner_15>
<Corner_16>
  351 359</Corner_16>
<Corner_17>
  339 352</Corner_17>
<Corner_18>
  329 346</Corner_18>
<Corner_19>
  318 341</Corner_19>
<Corner_20>
  310 334</Corner_20>
<Corner_21>
  301 329</Corner_21>
<Corner_22>
  290 324</Corner_22>
<Corner_23>
  284 317</Corner_23>
<Corner_24>
  363 353</Corner_24>
<Corner_25>
  353 347</Corner_25>
<Corner_26>
  341 341</Corner_26>
<Corner_27>
  330 336</Corner_27>
<Corner_28>
  320 330</Corner_28>
<Corner_29>
  313 325</Corner_29>
<Corner_30>
  302 319</Corner_30>
<Corner_31>
  295 314</Corner_31>
<Corner_32>
  375 347</Corner_32>
<Corner_33>
  362 341</Corner_33>
<Corner_34>
  352 335</Corner_34>
<Corner_35>
  340 329</Corner_35>
<Corner_36>
  331 324</Corner_36>
<Corner_37>
  324 319</Corner_37>
<Corner_38>
  314 314</Corner_38>
<Corner_39>
  304 309</Corner_39>
<Corner_40>
  383 341</Corner_40>
<Corner_41>
  373 335</Corner_41>
<Corner_42>
  362 330</Corner_42>
<Corner_43>
  354 325</Corner_43>
<Corner_44>
  342 320</Corner_44>
<Corner_45>
  334 314</Corner_45>
<Corner_46>
  324 310</Corner_46>
<Corner_47>
  316 307</Corner_47>
</opencv_storage>
