<?xml version="1.0"?>
<opencv_storage>
<CameraMatrix type_id="opencv-matrix">
  <rows>3</rows>
  <cols>3</cols>
  <dt>f</dt>
  <data>
    4.90945343e+02 0. 3.37110352e+02 0. 4.92901733e+02 2.29693848e+02 0.
    0. 1.</data></CameraMatrix>
<DistortionCoeffs type_id="opencv-matrix">
  <rows>5</rows>
  <cols>1</cols>
  <dt>f</dt>
  <data>
    -3.73222172e-01 2.35067338e-01 -2.64410017e-04 1.06243722e-04
    -1.12209424e-01</data></DistortionCoeffs>
<RotationValues type_id="opencv-matrix">
  <rows>3</rows>
  <cols>1</cols>
  <dt>f</dt>
  <data>
    1.62265027e+00 -7.02663302e-01 5.83788693e-01</data></RotationValues>
<TranslationValues type_id="opencv-matrix">
  <rows>3</rows>
  <cols>1</cols>
  <dt>f</dt>
  <data>
    3.76602844e+02 8.32432373e+02 3.62826978e+03</data></TranslationValues>
</opencv_storage>
