<?xml version="1.0"?>
<opencv_storage>
<CameraMatrix type_id="opencv-matrix">
  <rows>3</rows>
  <cols>3</cols>
  <dt>f</dt>
  <data>
    4.87718018e+02 0. 3.31227570e+02 0. 4.90649475e+02 2.21060425e+02 0.
    0. 1.</data></CameraMatrix>
<DistortionCoeffs type_id="opencv-matrix">
  <rows>5</rows>
  <cols>1</cols>
  <dt>f</dt>
  <data>
    -3.61140132e-01 1.93786651e-01 3.60086473e-04 4.93244675e-04
    -6.83108568e-02</data></DistortionCoeffs>
<RotationValues type_id="opencv-matrix">
  <rows>3</rows>
  <cols>1</cols>
  <dt>f</dt>
  <data>
    1.78063798e+00 -6.86888218e-01 4.78229582e-01</data></RotationValues>
<TranslationValues type_id="opencv-matrix">
  <rows>3</rows>
  <cols>1</cols>
  <dt>f</dt>
  <data>
    -3.31824455e+01 1.02012476e+03 3.21642261e+03</data></TranslationValues>
</opencv_storage>
