<?xml version="1.0"?>
<opencv_storage>
<CameraMatrix type_id="opencv-matrix">
  <rows>3</rows>
  <cols>3</cols>
  <dt>d</dt>
  <data>
    4.8771803072185713e+02 0. 3.3122758423229556e+02 0.
    4.9064948753646468e+02 2.2106042554824771e+02 0. 0. 1.</data></CameraMatrix>
<DistortionCoeffs type_id="opencv-matrix">
  <rows>5</rows>
  <cols>1</cols>
  <dt>d</dt>
  <data>
    -3.6114014041987541e-01 1.9378664440292517e-01
    3.6008646347285690e-04 4.9324465719132338e-04
    -6.8310859211695787e-02</data></DistortionCoeffs>
</opencv_storage>
