<?xml version="1.0"?>
<opencv_storage>
<CameraMatrix type_id="opencv-matrix">
  <rows>3</rows>
  <cols>3</cols>
  <dt>d</dt>
  <data>
    4.9094534273107530e+02 0. 3.3711034780003740e+02 0.
    4.9290173158017717e+02 2.2969384386297762e+02 0. 0. 1.</data></CameraMatrix>
<DistortionCoeffs type_id="opencv-matrix">
  <rows>5</rows>
  <cols>1</cols>
  <dt>d</dt>
  <data>
    -3.7322216685863907e-01 2.3506733129705223e-01
    -2.6441001953686401e-04 1.0624372499611848e-04
    -1.1220942586266135e-01</data></DistortionCoeffs>
</opencv_storage>
